{
 "cells": [
  {
   "cell_type": "markdown",
   "metadata": {},
   "source": [
    "# Upper-bound Analysis"
   ]
  },
  {
   "cell_type": "code",
   "execution_count": 1,
   "metadata": {},
   "outputs": [],
   "source": [
    "import pandas as pd\n",
    "import numpy as np\n",
    "import seaborn as sns\n",
    "import matplotlib.pyplot as plt\n",
    "%matplotlib inline\n",
    "from scipy.spatial import distance"
   ]
  },
  {
   "cell_type": "code",
   "execution_count": 3,
   "metadata": {},
   "outputs": [],
   "source": [
    "base_dir = \"trained_models/\"\n",
    "# base_dir = \"trained_models/backup/\"\n",
    "# base_dir = \"trained_models/backup_10epochs/\"\n",
    "# base_dir = \"trained_models/backup_20epochs_50sample/\"\n",
    "# base_dir = \"trained_models/backup_30epochs_50sample/\"\n",
    "def load_data(train, test, fname) :\n",
    "    fpath = base_dir + \"{}/eval/{}/{}.txt\".format(train, test, fname)\n",
    "    return np.loadtxt(fpath).astype(np.int)\n",
    "\n",
    "train = \"autoattack\"\n",
    "test = \"pgd\"\n",
    "\n",
    "y_original = load_data(train, test, \"Y_original\")\n",
    "y_original_pred = load_data(train, test, \"Y_original_pred\")\n",
    "y_adv = load_data(train, test, \"Y_adv\")\n",
    "y_adv_pred = load_data(train, test, \"Y_adv_pred\")"
   ]
  },
  {
   "cell_type": "code",
   "execution_count": 4,
   "metadata": {},
   "outputs": [
    {
     "name": "stdout",
     "output_type": "stream",
     "text": [
      "Y_adv(autoattack,autoattack): [3 8 8 ... 5 1 7]\n",
      "Y_adv_pred(autoattack,autoattack): [5 8 8 ... 5 1 7]\n"
     ]
    }
   ],
   "source": [
    "def get_robust_data(train, test):\n",
    "    y_adv = load_data(train, test, \"Y_adv\")\n",
    "    y_adv_pred = load_data(train, test, \"Y_adv_pred\")\n",
    "    return y_adv, y_adv_pred\n",
    "\n",
    "test = \"autoattack\"\n",
    "y_adv, y_adv_pred = get_robust_data(train, test)\n",
    "\n",
    "print(\"Y_adv({},{}): {}\".format(train, test, y_adv))\n",
    "print(\"Y_adv_pred({},{}): {}\".format(train, test, y_adv_pred))"
   ]
  },
  {
   "cell_type": "code",
   "execution_count": 5,
   "metadata": {},
   "outputs": [],
   "source": [
    "attacks = [\"autoattack\", \"autopgd\", \"bim\", \"cw\", \"fgsm\", \"pgd\", \"deepfool\", \"newtonfool\", \"squareattack\", \"pixelattack\", \"spatialtransformation\"]"
   ]
  },
  {
   "cell_type": "code",
   "execution_count": 6,
   "metadata": {},
   "outputs": [],
   "source": [
    "train = attacks.copy()\n",
    "\n",
    "test = attacks.copy()\n",
    "test.append(\"all\")"
   ]
  },
  {
   "cell_type": "code",
   "execution_count": 7,
   "metadata": {},
   "outputs": [],
   "source": [
    "predictions = {}\n",
    "labels = {}\n",
    "\n",
    "for a1 in train :\n",
    "    p = np.array([])\n",
    "    l = np.array([])\n",
    "    for a2 in attacks :\n",
    "        y, y_pred = get_robust_data(a1, a2)\n",
    "        p = np.concatenate((p, y_pred))\n",
    "        l = np.concatenate((l, y))\n",
    "    predictions[a1] = {}\n",
    "    labels[a1] = {}\n",
    "    predictions[a1][\"all\"] = p\n",
    "    labels[a1][\"all\"] = l\n",
    "\n",
    "for a1 in train :\n",
    "    for a2 in attacks :\n",
    "        y, y_pred = get_robust_data(a1, a2)\n",
    "        predictions[a1][a2] = y_pred\n",
    "        labels[a1][a2] = y"
   ]
  },
  {
   "cell_type": "code",
   "execution_count": 8,
   "metadata": {},
   "outputs": [],
   "source": [
    "# predictions"
   ]
  },
  {
   "cell_type": "code",
   "execution_count": 9,
   "metadata": {},
   "outputs": [],
   "source": [
    "# labels"
   ]
  },
  {
   "cell_type": "code",
   "execution_count": 10,
   "metadata": {},
   "outputs": [
    {
     "data": {
      "text/html": [
       "<div>\n",
       "<style scoped>\n",
       "    .dataframe tbody tr th:only-of-type {\n",
       "        vertical-align: middle;\n",
       "    }\n",
       "\n",
       "    .dataframe tbody tr th {\n",
       "        vertical-align: top;\n",
       "    }\n",
       "\n",
       "    .dataframe thead th {\n",
       "        text-align: right;\n",
       "    }\n",
       "</style>\n",
       "<table border=\"1\" class=\"dataframe\">\n",
       "  <thead>\n",
       "    <tr style=\"text-align: right;\">\n",
       "      <th></th>\n",
       "      <th>autoattack</th>\n",
       "      <th>autopgd</th>\n",
       "      <th>bim</th>\n",
       "      <th>cw</th>\n",
       "      <th>fgsm</th>\n",
       "      <th>pgd</th>\n",
       "      <th>deepfool</th>\n",
       "      <th>newtonfool</th>\n",
       "      <th>squareattack</th>\n",
       "      <th>pixelattack</th>\n",
       "      <th>spatialtransformation</th>\n",
       "      <th>all</th>\n",
       "    </tr>\n",
       "  </thead>\n",
       "  <tbody>\n",
       "    <tr>\n",
       "      <th>autoattack</th>\n",
       "      <td>0.7885</td>\n",
       "      <td>0.7864</td>\n",
       "      <td>0.7829</td>\n",
       "      <td>0.7922</td>\n",
       "      <td>0.7510</td>\n",
       "      <td>0.7786</td>\n",
       "      <td>0.7787</td>\n",
       "      <td>0.7902</td>\n",
       "      <td>0.7842</td>\n",
       "      <td>0.1209</td>\n",
       "      <td>0.4102</td>\n",
       "      <td>0.687618</td>\n",
       "    </tr>\n",
       "    <tr>\n",
       "      <th>autopgd</th>\n",
       "      <td>0.7839</td>\n",
       "      <td>0.7838</td>\n",
       "      <td>0.7767</td>\n",
       "      <td>0.7899</td>\n",
       "      <td>0.7508</td>\n",
       "      <td>0.7753</td>\n",
       "      <td>0.7783</td>\n",
       "      <td>0.7849</td>\n",
       "      <td>0.7787</td>\n",
       "      <td>0.1322</td>\n",
       "      <td>0.3450</td>\n",
       "      <td>0.679955</td>\n",
       "    </tr>\n",
       "    <tr>\n",
       "      <th>bim</th>\n",
       "      <td>0.7839</td>\n",
       "      <td>0.7816</td>\n",
       "      <td>0.7838</td>\n",
       "      <td>0.7902</td>\n",
       "      <td>0.7548</td>\n",
       "      <td>0.7824</td>\n",
       "      <td>0.7808</td>\n",
       "      <td>0.7902</td>\n",
       "      <td>0.7839</td>\n",
       "      <td>0.1190</td>\n",
       "      <td>0.3833</td>\n",
       "      <td>0.684900</td>\n",
       "    </tr>\n",
       "    <tr>\n",
       "      <th>cw</th>\n",
       "      <td>0.7891</td>\n",
       "      <td>0.7886</td>\n",
       "      <td>0.7871</td>\n",
       "      <td>0.8083</td>\n",
       "      <td>0.7518</td>\n",
       "      <td>0.7862</td>\n",
       "      <td>0.7929</td>\n",
       "      <td>0.8034</td>\n",
       "      <td>0.7999</td>\n",
       "      <td>0.1140</td>\n",
       "      <td>0.3890</td>\n",
       "      <td>0.691845</td>\n",
       "    </tr>\n",
       "    <tr>\n",
       "      <th>fgsm</th>\n",
       "      <td>0.7774</td>\n",
       "      <td>0.7756</td>\n",
       "      <td>0.7768</td>\n",
       "      <td>0.7856</td>\n",
       "      <td>0.7649</td>\n",
       "      <td>0.7754</td>\n",
       "      <td>0.7792</td>\n",
       "      <td>0.7827</td>\n",
       "      <td>0.7777</td>\n",
       "      <td>0.1583</td>\n",
       "      <td>0.3599</td>\n",
       "      <td>0.683045</td>\n",
       "    </tr>\n",
       "    <tr>\n",
       "      <th>pgd</th>\n",
       "      <td>0.7758</td>\n",
       "      <td>0.7793</td>\n",
       "      <td>0.7753</td>\n",
       "      <td>0.7816</td>\n",
       "      <td>0.7515</td>\n",
       "      <td>0.7751</td>\n",
       "      <td>0.7746</td>\n",
       "      <td>0.7813</td>\n",
       "      <td>0.7770</td>\n",
       "      <td>0.1379</td>\n",
       "      <td>0.3621</td>\n",
       "      <td>0.679227</td>\n",
       "    </tr>\n",
       "    <tr>\n",
       "      <th>deepfool</th>\n",
       "      <td>0.7825</td>\n",
       "      <td>0.7805</td>\n",
       "      <td>0.7758</td>\n",
       "      <td>0.7958</td>\n",
       "      <td>0.7608</td>\n",
       "      <td>0.7727</td>\n",
       "      <td>0.7910</td>\n",
       "      <td>0.7934</td>\n",
       "      <td>0.7849</td>\n",
       "      <td>0.0972</td>\n",
       "      <td>0.3898</td>\n",
       "      <td>0.684036</td>\n",
       "    </tr>\n",
       "    <tr>\n",
       "      <th>newtonfool</th>\n",
       "      <td>0.7819</td>\n",
       "      <td>0.7842</td>\n",
       "      <td>0.7793</td>\n",
       "      <td>0.8015</td>\n",
       "      <td>0.7500</td>\n",
       "      <td>0.7768</td>\n",
       "      <td>0.7892</td>\n",
       "      <td>0.7997</td>\n",
       "      <td>0.7927</td>\n",
       "      <td>0.1056</td>\n",
       "      <td>0.3822</td>\n",
       "      <td>0.685736</td>\n",
       "    </tr>\n",
       "    <tr>\n",
       "      <th>squareattack</th>\n",
       "      <td>0.7343</td>\n",
       "      <td>0.7369</td>\n",
       "      <td>0.7338</td>\n",
       "      <td>0.7971</td>\n",
       "      <td>0.6910</td>\n",
       "      <td>0.7264</td>\n",
       "      <td>0.7544</td>\n",
       "      <td>0.7887</td>\n",
       "      <td>0.8299</td>\n",
       "      <td>0.1035</td>\n",
       "      <td>0.3833</td>\n",
       "      <td>0.661755</td>\n",
       "    </tr>\n",
       "    <tr>\n",
       "      <th>pixelattack</th>\n",
       "      <td>0.1000</td>\n",
       "      <td>0.1000</td>\n",
       "      <td>0.1000</td>\n",
       "      <td>0.1000</td>\n",
       "      <td>0.1000</td>\n",
       "      <td>0.1000</td>\n",
       "      <td>0.1000</td>\n",
       "      <td>0.1000</td>\n",
       "      <td>0.1000</td>\n",
       "      <td>0.7986</td>\n",
       "      <td>0.1000</td>\n",
       "      <td>0.163509</td>\n",
       "    </tr>\n",
       "    <tr>\n",
       "      <th>spatialtransformation</th>\n",
       "      <td>0.5099</td>\n",
       "      <td>0.5088</td>\n",
       "      <td>0.5068</td>\n",
       "      <td>0.5444</td>\n",
       "      <td>0.4987</td>\n",
       "      <td>0.5073</td>\n",
       "      <td>0.5094</td>\n",
       "      <td>0.5441</td>\n",
       "      <td>0.5487</td>\n",
       "      <td>0.1399</td>\n",
       "      <td>0.8178</td>\n",
       "      <td>0.512345</td>\n",
       "    </tr>\n",
       "  </tbody>\n",
       "</table>\n",
       "</div>"
      ],
      "text/plain": [
       "                       autoattack  autopgd     bim      cw    fgsm     pgd  \\\n",
       "autoattack                 0.7885   0.7864  0.7829  0.7922  0.7510  0.7786   \n",
       "autopgd                    0.7839   0.7838  0.7767  0.7899  0.7508  0.7753   \n",
       "bim                        0.7839   0.7816  0.7838  0.7902  0.7548  0.7824   \n",
       "cw                         0.7891   0.7886  0.7871  0.8083  0.7518  0.7862   \n",
       "fgsm                       0.7774   0.7756  0.7768  0.7856  0.7649  0.7754   \n",
       "pgd                        0.7758   0.7793  0.7753  0.7816  0.7515  0.7751   \n",
       "deepfool                   0.7825   0.7805  0.7758  0.7958  0.7608  0.7727   \n",
       "newtonfool                 0.7819   0.7842  0.7793  0.8015  0.7500  0.7768   \n",
       "squareattack               0.7343   0.7369  0.7338  0.7971  0.6910  0.7264   \n",
       "pixelattack                0.1000   0.1000  0.1000  0.1000  0.1000  0.1000   \n",
       "spatialtransformation      0.5099   0.5088  0.5068  0.5444  0.4987  0.5073   \n",
       "\n",
       "                       deepfool  newtonfool  squareattack  pixelattack  \\\n",
       "autoattack               0.7787      0.7902        0.7842       0.1209   \n",
       "autopgd                  0.7783      0.7849        0.7787       0.1322   \n",
       "bim                      0.7808      0.7902        0.7839       0.1190   \n",
       "cw                       0.7929      0.8034        0.7999       0.1140   \n",
       "fgsm                     0.7792      0.7827        0.7777       0.1583   \n",
       "pgd                      0.7746      0.7813        0.7770       0.1379   \n",
       "deepfool                 0.7910      0.7934        0.7849       0.0972   \n",
       "newtonfool               0.7892      0.7997        0.7927       0.1056   \n",
       "squareattack             0.7544      0.7887        0.8299       0.1035   \n",
       "pixelattack              0.1000      0.1000        0.1000       0.7986   \n",
       "spatialtransformation    0.5094      0.5441        0.5487       0.1399   \n",
       "\n",
       "                       spatialtransformation       all  \n",
       "autoattack                            0.4102  0.687618  \n",
       "autopgd                               0.3450  0.679955  \n",
       "bim                                   0.3833  0.684900  \n",
       "cw                                    0.3890  0.691845  \n",
       "fgsm                                  0.3599  0.683045  \n",
       "pgd                                   0.3621  0.679227  \n",
       "deepfool                              0.3898  0.684036  \n",
       "newtonfool                            0.3822  0.685736  \n",
       "squareattack                          0.3833  0.661755  \n",
       "pixelattack                           0.1000  0.163509  \n",
       "spatialtransformation                 0.8178  0.512345  "
      ]
     },
     "execution_count": 10,
     "metadata": {},
     "output_type": "execute_result"
    }
   ],
   "source": [
    "accs = {}\n",
    "for tr in train :\n",
    "    accs[tr] = {}\n",
    "    for ts in test :\n",
    "        accs[tr][ts] = (labels[tr][ts] == predictions[tr][ts]).sum().item() / len(labels[tr][ts])\n",
    "\n",
    "    \n",
    "accs = pd.DataFrame(data=accs).T\n",
    "accs"
   ]
  },
  {
   "cell_type": "code",
   "execution_count": 11,
   "metadata": {},
   "outputs": [
    {
     "data": {
      "text/html": [
       "<div>\n",
       "<style scoped>\n",
       "    .dataframe tbody tr th:only-of-type {\n",
       "        vertical-align: middle;\n",
       "    }\n",
       "\n",
       "    .dataframe tbody tr th {\n",
       "        vertical-align: top;\n",
       "    }\n",
       "\n",
       "    .dataframe thead th {\n",
       "        text-align: right;\n",
       "    }\n",
       "</style>\n",
       "<table border=\"1\" class=\"dataframe\">\n",
       "  <thead>\n",
       "    <tr style=\"text-align: right;\">\n",
       "      <th></th>\n",
       "      <th>autoattack</th>\n",
       "      <th>autopgd</th>\n",
       "      <th>bim</th>\n",
       "      <th>cw</th>\n",
       "      <th>fgsm</th>\n",
       "      <th>pgd</th>\n",
       "      <th>deepfool</th>\n",
       "      <th>newtonfool</th>\n",
       "      <th>squareattack</th>\n",
       "      <th>pixelattack</th>\n",
       "      <th>spatialtransformation</th>\n",
       "      <th>all</th>\n",
       "    </tr>\n",
       "  </thead>\n",
       "  <tbody>\n",
       "    <tr>\n",
       "      <th>cw</th>\n",
       "      <td>0.7891</td>\n",
       "      <td>0.7886</td>\n",
       "      <td>0.7871</td>\n",
       "      <td>0.8083</td>\n",
       "      <td>0.7518</td>\n",
       "      <td>0.7862</td>\n",
       "      <td>0.7929</td>\n",
       "      <td>0.8034</td>\n",
       "      <td>0.7999</td>\n",
       "      <td>0.1140</td>\n",
       "      <td>0.3890</td>\n",
       "      <td>0.691845</td>\n",
       "    </tr>\n",
       "    <tr>\n",
       "      <th>autoattack</th>\n",
       "      <td>0.7885</td>\n",
       "      <td>0.7864</td>\n",
       "      <td>0.7829</td>\n",
       "      <td>0.7922</td>\n",
       "      <td>0.7510</td>\n",
       "      <td>0.7786</td>\n",
       "      <td>0.7787</td>\n",
       "      <td>0.7902</td>\n",
       "      <td>0.7842</td>\n",
       "      <td>0.1209</td>\n",
       "      <td>0.4102</td>\n",
       "      <td>0.687618</td>\n",
       "    </tr>\n",
       "    <tr>\n",
       "      <th>newtonfool</th>\n",
       "      <td>0.7819</td>\n",
       "      <td>0.7842</td>\n",
       "      <td>0.7793</td>\n",
       "      <td>0.8015</td>\n",
       "      <td>0.7500</td>\n",
       "      <td>0.7768</td>\n",
       "      <td>0.7892</td>\n",
       "      <td>0.7997</td>\n",
       "      <td>0.7927</td>\n",
       "      <td>0.1056</td>\n",
       "      <td>0.3822</td>\n",
       "      <td>0.685736</td>\n",
       "    </tr>\n",
       "    <tr>\n",
       "      <th>bim</th>\n",
       "      <td>0.7839</td>\n",
       "      <td>0.7816</td>\n",
       "      <td>0.7838</td>\n",
       "      <td>0.7902</td>\n",
       "      <td>0.7548</td>\n",
       "      <td>0.7824</td>\n",
       "      <td>0.7808</td>\n",
       "      <td>0.7902</td>\n",
       "      <td>0.7839</td>\n",
       "      <td>0.1190</td>\n",
       "      <td>0.3833</td>\n",
       "      <td>0.684900</td>\n",
       "    </tr>\n",
       "    <tr>\n",
       "      <th>deepfool</th>\n",
       "      <td>0.7825</td>\n",
       "      <td>0.7805</td>\n",
       "      <td>0.7758</td>\n",
       "      <td>0.7958</td>\n",
       "      <td>0.7608</td>\n",
       "      <td>0.7727</td>\n",
       "      <td>0.7910</td>\n",
       "      <td>0.7934</td>\n",
       "      <td>0.7849</td>\n",
       "      <td>0.0972</td>\n",
       "      <td>0.3898</td>\n",
       "      <td>0.684036</td>\n",
       "    </tr>\n",
       "    <tr>\n",
       "      <th>fgsm</th>\n",
       "      <td>0.7774</td>\n",
       "      <td>0.7756</td>\n",
       "      <td>0.7768</td>\n",
       "      <td>0.7856</td>\n",
       "      <td>0.7649</td>\n",
       "      <td>0.7754</td>\n",
       "      <td>0.7792</td>\n",
       "      <td>0.7827</td>\n",
       "      <td>0.7777</td>\n",
       "      <td>0.1583</td>\n",
       "      <td>0.3599</td>\n",
       "      <td>0.683045</td>\n",
       "    </tr>\n",
       "    <tr>\n",
       "      <th>autopgd</th>\n",
       "      <td>0.7839</td>\n",
       "      <td>0.7838</td>\n",
       "      <td>0.7767</td>\n",
       "      <td>0.7899</td>\n",
       "      <td>0.7508</td>\n",
       "      <td>0.7753</td>\n",
       "      <td>0.7783</td>\n",
       "      <td>0.7849</td>\n",
       "      <td>0.7787</td>\n",
       "      <td>0.1322</td>\n",
       "      <td>0.3450</td>\n",
       "      <td>0.679955</td>\n",
       "    </tr>\n",
       "    <tr>\n",
       "      <th>pgd</th>\n",
       "      <td>0.7758</td>\n",
       "      <td>0.7793</td>\n",
       "      <td>0.7753</td>\n",
       "      <td>0.7816</td>\n",
       "      <td>0.7515</td>\n",
       "      <td>0.7751</td>\n",
       "      <td>0.7746</td>\n",
       "      <td>0.7813</td>\n",
       "      <td>0.7770</td>\n",
       "      <td>0.1379</td>\n",
       "      <td>0.3621</td>\n",
       "      <td>0.679227</td>\n",
       "    </tr>\n",
       "    <tr>\n",
       "      <th>squareattack</th>\n",
       "      <td>0.7343</td>\n",
       "      <td>0.7369</td>\n",
       "      <td>0.7338</td>\n",
       "      <td>0.7971</td>\n",
       "      <td>0.6910</td>\n",
       "      <td>0.7264</td>\n",
       "      <td>0.7544</td>\n",
       "      <td>0.7887</td>\n",
       "      <td>0.8299</td>\n",
       "      <td>0.1035</td>\n",
       "      <td>0.3833</td>\n",
       "      <td>0.661755</td>\n",
       "    </tr>\n",
       "    <tr>\n",
       "      <th>spatialtransformation</th>\n",
       "      <td>0.5099</td>\n",
       "      <td>0.5088</td>\n",
       "      <td>0.5068</td>\n",
       "      <td>0.5444</td>\n",
       "      <td>0.4987</td>\n",
       "      <td>0.5073</td>\n",
       "      <td>0.5094</td>\n",
       "      <td>0.5441</td>\n",
       "      <td>0.5487</td>\n",
       "      <td>0.1399</td>\n",
       "      <td>0.8178</td>\n",
       "      <td>0.512345</td>\n",
       "    </tr>\n",
       "    <tr>\n",
       "      <th>pixelattack</th>\n",
       "      <td>0.1000</td>\n",
       "      <td>0.1000</td>\n",
       "      <td>0.1000</td>\n",
       "      <td>0.1000</td>\n",
       "      <td>0.1000</td>\n",
       "      <td>0.1000</td>\n",
       "      <td>0.1000</td>\n",
       "      <td>0.1000</td>\n",
       "      <td>0.1000</td>\n",
       "      <td>0.7986</td>\n",
       "      <td>0.1000</td>\n",
       "      <td>0.163509</td>\n",
       "    </tr>\n",
       "  </tbody>\n",
       "</table>\n",
       "</div>"
      ],
      "text/plain": [
       "                       autoattack  autopgd     bim      cw    fgsm     pgd  \\\n",
       "cw                         0.7891   0.7886  0.7871  0.8083  0.7518  0.7862   \n",
       "autoattack                 0.7885   0.7864  0.7829  0.7922  0.7510  0.7786   \n",
       "newtonfool                 0.7819   0.7842  0.7793  0.8015  0.7500  0.7768   \n",
       "bim                        0.7839   0.7816  0.7838  0.7902  0.7548  0.7824   \n",
       "deepfool                   0.7825   0.7805  0.7758  0.7958  0.7608  0.7727   \n",
       "fgsm                       0.7774   0.7756  0.7768  0.7856  0.7649  0.7754   \n",
       "autopgd                    0.7839   0.7838  0.7767  0.7899  0.7508  0.7753   \n",
       "pgd                        0.7758   0.7793  0.7753  0.7816  0.7515  0.7751   \n",
       "squareattack               0.7343   0.7369  0.7338  0.7971  0.6910  0.7264   \n",
       "spatialtransformation      0.5099   0.5088  0.5068  0.5444  0.4987  0.5073   \n",
       "pixelattack                0.1000   0.1000  0.1000  0.1000  0.1000  0.1000   \n",
       "\n",
       "                       deepfool  newtonfool  squareattack  pixelattack  \\\n",
       "cw                       0.7929      0.8034        0.7999       0.1140   \n",
       "autoattack               0.7787      0.7902        0.7842       0.1209   \n",
       "newtonfool               0.7892      0.7997        0.7927       0.1056   \n",
       "bim                      0.7808      0.7902        0.7839       0.1190   \n",
       "deepfool                 0.7910      0.7934        0.7849       0.0972   \n",
       "fgsm                     0.7792      0.7827        0.7777       0.1583   \n",
       "autopgd                  0.7783      0.7849        0.7787       0.1322   \n",
       "pgd                      0.7746      0.7813        0.7770       0.1379   \n",
       "squareattack             0.7544      0.7887        0.8299       0.1035   \n",
       "spatialtransformation    0.5094      0.5441        0.5487       0.1399   \n",
       "pixelattack              0.1000      0.1000        0.1000       0.7986   \n",
       "\n",
       "                       spatialtransformation       all  \n",
       "cw                                    0.3890  0.691845  \n",
       "autoattack                            0.4102  0.687618  \n",
       "newtonfool                            0.3822  0.685736  \n",
       "bim                                   0.3833  0.684900  \n",
       "deepfool                              0.3898  0.684036  \n",
       "fgsm                                  0.3599  0.683045  \n",
       "autopgd                               0.3450  0.679955  \n",
       "pgd                                   0.3621  0.679227  \n",
       "squareattack                          0.3833  0.661755  \n",
       "spatialtransformation                 0.8178  0.512345  \n",
       "pixelattack                           0.1000  0.163509  "
      ]
     },
     "execution_count": 11,
     "metadata": {},
     "output_type": "execute_result"
    }
   ],
   "source": [
    "sorted_acc = accs.sort_values(by=\"all\", ascending=False)\n",
    "sorted_acc"
   ]
  },
  {
   "cell_type": "markdown",
   "metadata": {},
   "source": [
    "## Time Execution Measurement"
   ]
  },
  {
   "cell_type": "code",
   "execution_count": 14,
   "metadata": {},
   "outputs": [],
   "source": [
    "import datetime\n",
    "\n",
    "def get_adv_train_time_execution(train) :\n",
    "    fpath = base_dir + \"{}/output.log\".format(train)\n",
    "\n",
    "    \n",
    "    file = open(fpath)\n",
    "    lines = file.readlines()\n",
    "    file.close()\n",
    "    \n",
    "    start_time = None\n",
    "    end_time = None\n",
    "    \n",
    "    datefmt='%Y/%m/%d %H:%M:%S'\n",
    "    \n",
    "    \n",
    "    for l in lines :\n",
    "        token = l.split(\"-\")\n",
    "        date_str = token[0][1:-2]\n",
    "        date_time = datetime.datetime.strptime(date_str, datefmt)\n",
    "        if token[1][1:11] == \"Namespace(\" :\n",
    "            start_time = date_time\n",
    "        else :\n",
    "            end_time = date_time\n",
    "    \n",
    "    if end_time > start_time :\n",
    "        return end_time-start_time\n",
    "    raise ValueError(\"Duration not found\")\n",
    "    \n",
    "# _train = \"autoattack\"\n",
    "# _train = \"all\"\n",
    "# get_adv_train_time_execution(_train) + get_adv_train_time_execution(\"fgsm\") "
   ]
  },
  {
   "cell_type": "code",
   "execution_count": 15,
   "metadata": {},
   "outputs": [],
   "source": [
    "durations = []\n",
    "for tr in train :\n",
    "    if tr[:7] == \"combine\" :\n",
    "        duration = None\n",
    "        for i in range(len(attacks)) :\n",
    "            a = attacks[i]\n",
    "            if i == 0 :\n",
    "                duration = get_adv_train_time_execution(a)\n",
    "            else :\n",
    "                duration += get_adv_train_time_execution(a)\n",
    "        duration+= get_adv_train_time_execution(tr)\n",
    "        durations.append(duration)\n",
    "    else :\n",
    "        durations.append(get_adv_train_time_execution(tr))\n",
    "\n",
    "accs[\"duration\"] = durations"
   ]
  },
  {
   "cell_type": "code",
   "execution_count": 16,
   "metadata": {},
   "outputs": [
    {
     "data": {
      "text/plain": [
       "autoattack               0.687618\n",
       "autopgd                  0.679955\n",
       "bim                      0.684900\n",
       "cw                       0.691845\n",
       "fgsm                     0.683045\n",
       "pgd                      0.679227\n",
       "deepfool                 0.684036\n",
       "newtonfool               0.685736\n",
       "squareattack             0.661755\n",
       "pixelattack              0.163509\n",
       "spatialtransformation    0.512345\n",
       "Name: all, dtype: float64"
      ]
     },
     "execution_count": 16,
     "metadata": {},
     "output_type": "execute_result"
    }
   ],
   "source": [
    "accs[\"all\"]\n",
    "# accs"
   ]
  },
  {
   "cell_type": "code",
   "execution_count": 17,
   "metadata": {},
   "outputs": [
    {
     "data": {
      "text/html": [
       "<div>\n",
       "<style scoped>\n",
       "    .dataframe tbody tr th:only-of-type {\n",
       "        vertical-align: middle;\n",
       "    }\n",
       "\n",
       "    .dataframe tbody tr th {\n",
       "        vertical-align: top;\n",
       "    }\n",
       "\n",
       "    .dataframe thead th {\n",
       "        text-align: right;\n",
       "    }\n",
       "</style>\n",
       "<table border=\"1\" class=\"dataframe\">\n",
       "  <thead>\n",
       "    <tr style=\"text-align: right;\">\n",
       "      <th></th>\n",
       "      <th>autoattack</th>\n",
       "      <th>autopgd</th>\n",
       "      <th>bim</th>\n",
       "      <th>cw</th>\n",
       "      <th>fgsm</th>\n",
       "      <th>pgd</th>\n",
       "      <th>deepfool</th>\n",
       "      <th>newtonfool</th>\n",
       "      <th>squareattack</th>\n",
       "      <th>pixelattack</th>\n",
       "      <th>spatialtransformation</th>\n",
       "      <th>all</th>\n",
       "      <th>duration</th>\n",
       "    </tr>\n",
       "  </thead>\n",
       "  <tbody>\n",
       "    <tr>\n",
       "      <th>cw</th>\n",
       "      <td>0.7891</td>\n",
       "      <td>0.7886</td>\n",
       "      <td>0.7871</td>\n",
       "      <td>0.8083</td>\n",
       "      <td>0.7518</td>\n",
       "      <td>0.7862</td>\n",
       "      <td>0.7929</td>\n",
       "      <td>0.8034</td>\n",
       "      <td>0.7999</td>\n",
       "      <td>0.1140</td>\n",
       "      <td>0.3890</td>\n",
       "      <td>0.691845</td>\n",
       "      <td>0 days 01:44:05</td>\n",
       "    </tr>\n",
       "    <tr>\n",
       "      <th>autoattack</th>\n",
       "      <td>0.7885</td>\n",
       "      <td>0.7864</td>\n",
       "      <td>0.7829</td>\n",
       "      <td>0.7922</td>\n",
       "      <td>0.7510</td>\n",
       "      <td>0.7786</td>\n",
       "      <td>0.7787</td>\n",
       "      <td>0.7902</td>\n",
       "      <td>0.7842</td>\n",
       "      <td>0.1209</td>\n",
       "      <td>0.4102</td>\n",
       "      <td>0.687618</td>\n",
       "      <td>0 days 01:59:04</td>\n",
       "    </tr>\n",
       "    <tr>\n",
       "      <th>newtonfool</th>\n",
       "      <td>0.7819</td>\n",
       "      <td>0.7842</td>\n",
       "      <td>0.7793</td>\n",
       "      <td>0.8015</td>\n",
       "      <td>0.7500</td>\n",
       "      <td>0.7768</td>\n",
       "      <td>0.7892</td>\n",
       "      <td>0.7997</td>\n",
       "      <td>0.7927</td>\n",
       "      <td>0.1056</td>\n",
       "      <td>0.3822</td>\n",
       "      <td>0.685736</td>\n",
       "      <td>0 days 01:59:15</td>\n",
       "    </tr>\n",
       "    <tr>\n",
       "      <th>bim</th>\n",
       "      <td>0.7839</td>\n",
       "      <td>0.7816</td>\n",
       "      <td>0.7838</td>\n",
       "      <td>0.7902</td>\n",
       "      <td>0.7548</td>\n",
       "      <td>0.7824</td>\n",
       "      <td>0.7808</td>\n",
       "      <td>0.7902</td>\n",
       "      <td>0.7839</td>\n",
       "      <td>0.1190</td>\n",
       "      <td>0.3833</td>\n",
       "      <td>0.684900</td>\n",
       "      <td>0 days 01:44:02</td>\n",
       "    </tr>\n",
       "    <tr>\n",
       "      <th>deepfool</th>\n",
       "      <td>0.7825</td>\n",
       "      <td>0.7805</td>\n",
       "      <td>0.7758</td>\n",
       "      <td>0.7958</td>\n",
       "      <td>0.7608</td>\n",
       "      <td>0.7727</td>\n",
       "      <td>0.7910</td>\n",
       "      <td>0.7934</td>\n",
       "      <td>0.7849</td>\n",
       "      <td>0.0972</td>\n",
       "      <td>0.3898</td>\n",
       "      <td>0.684036</td>\n",
       "      <td>0 days 01:44:35</td>\n",
       "    </tr>\n",
       "    <tr>\n",
       "      <th>fgsm</th>\n",
       "      <td>0.7774</td>\n",
       "      <td>0.7756</td>\n",
       "      <td>0.7768</td>\n",
       "      <td>0.7856</td>\n",
       "      <td>0.7649</td>\n",
       "      <td>0.7754</td>\n",
       "      <td>0.7792</td>\n",
       "      <td>0.7827</td>\n",
       "      <td>0.7777</td>\n",
       "      <td>0.1583</td>\n",
       "      <td>0.3599</td>\n",
       "      <td>0.683045</td>\n",
       "      <td>0 days 00:53:33</td>\n",
       "    </tr>\n",
       "    <tr>\n",
       "      <th>autopgd</th>\n",
       "      <td>0.7839</td>\n",
       "      <td>0.7838</td>\n",
       "      <td>0.7767</td>\n",
       "      <td>0.7899</td>\n",
       "      <td>0.7508</td>\n",
       "      <td>0.7753</td>\n",
       "      <td>0.7783</td>\n",
       "      <td>0.7849</td>\n",
       "      <td>0.7787</td>\n",
       "      <td>0.1322</td>\n",
       "      <td>0.3450</td>\n",
       "      <td>0.679955</td>\n",
       "      <td>0 days 01:44:51</td>\n",
       "    </tr>\n",
       "    <tr>\n",
       "      <th>pgd</th>\n",
       "      <td>0.7758</td>\n",
       "      <td>0.7793</td>\n",
       "      <td>0.7753</td>\n",
       "      <td>0.7816</td>\n",
       "      <td>0.7515</td>\n",
       "      <td>0.7751</td>\n",
       "      <td>0.7746</td>\n",
       "      <td>0.7813</td>\n",
       "      <td>0.7770</td>\n",
       "      <td>0.1379</td>\n",
       "      <td>0.3621</td>\n",
       "      <td>0.679227</td>\n",
       "      <td>0 days 01:44:21</td>\n",
       "    </tr>\n",
       "    <tr>\n",
       "      <th>squareattack</th>\n",
       "      <td>0.7343</td>\n",
       "      <td>0.7369</td>\n",
       "      <td>0.7338</td>\n",
       "      <td>0.7971</td>\n",
       "      <td>0.6910</td>\n",
       "      <td>0.7264</td>\n",
       "      <td>0.7544</td>\n",
       "      <td>0.7887</td>\n",
       "      <td>0.8299</td>\n",
       "      <td>0.1035</td>\n",
       "      <td>0.3833</td>\n",
       "      <td>0.661755</td>\n",
       "      <td>0 days 01:44:32</td>\n",
       "    </tr>\n",
       "    <tr>\n",
       "      <th>spatialtransformation</th>\n",
       "      <td>0.5099</td>\n",
       "      <td>0.5088</td>\n",
       "      <td>0.5068</td>\n",
       "      <td>0.5444</td>\n",
       "      <td>0.4987</td>\n",
       "      <td>0.5073</td>\n",
       "      <td>0.5094</td>\n",
       "      <td>0.5441</td>\n",
       "      <td>0.5487</td>\n",
       "      <td>0.1399</td>\n",
       "      <td>0.8178</td>\n",
       "      <td>0.512345</td>\n",
       "      <td>0 days 01:44:08</td>\n",
       "    </tr>\n",
       "    <tr>\n",
       "      <th>pixelattack</th>\n",
       "      <td>0.1000</td>\n",
       "      <td>0.1000</td>\n",
       "      <td>0.1000</td>\n",
       "      <td>0.1000</td>\n",
       "      <td>0.1000</td>\n",
       "      <td>0.1000</td>\n",
       "      <td>0.1000</td>\n",
       "      <td>0.1000</td>\n",
       "      <td>0.1000</td>\n",
       "      <td>0.7986</td>\n",
       "      <td>0.1000</td>\n",
       "      <td>0.163509</td>\n",
       "      <td>0 days 01:43:49</td>\n",
       "    </tr>\n",
       "  </tbody>\n",
       "</table>\n",
       "</div>"
      ],
      "text/plain": [
       "                       autoattack  autopgd     bim      cw    fgsm     pgd  \\\n",
       "cw                         0.7891   0.7886  0.7871  0.8083  0.7518  0.7862   \n",
       "autoattack                 0.7885   0.7864  0.7829  0.7922  0.7510  0.7786   \n",
       "newtonfool                 0.7819   0.7842  0.7793  0.8015  0.7500  0.7768   \n",
       "bim                        0.7839   0.7816  0.7838  0.7902  0.7548  0.7824   \n",
       "deepfool                   0.7825   0.7805  0.7758  0.7958  0.7608  0.7727   \n",
       "fgsm                       0.7774   0.7756  0.7768  0.7856  0.7649  0.7754   \n",
       "autopgd                    0.7839   0.7838  0.7767  0.7899  0.7508  0.7753   \n",
       "pgd                        0.7758   0.7793  0.7753  0.7816  0.7515  0.7751   \n",
       "squareattack               0.7343   0.7369  0.7338  0.7971  0.6910  0.7264   \n",
       "spatialtransformation      0.5099   0.5088  0.5068  0.5444  0.4987  0.5073   \n",
       "pixelattack                0.1000   0.1000  0.1000  0.1000  0.1000  0.1000   \n",
       "\n",
       "                       deepfool  newtonfool  squareattack  pixelattack  \\\n",
       "cw                       0.7929      0.8034        0.7999       0.1140   \n",
       "autoattack               0.7787      0.7902        0.7842       0.1209   \n",
       "newtonfool               0.7892      0.7997        0.7927       0.1056   \n",
       "bim                      0.7808      0.7902        0.7839       0.1190   \n",
       "deepfool                 0.7910      0.7934        0.7849       0.0972   \n",
       "fgsm                     0.7792      0.7827        0.7777       0.1583   \n",
       "autopgd                  0.7783      0.7849        0.7787       0.1322   \n",
       "pgd                      0.7746      0.7813        0.7770       0.1379   \n",
       "squareattack             0.7544      0.7887        0.8299       0.1035   \n",
       "spatialtransformation    0.5094      0.5441        0.5487       0.1399   \n",
       "pixelattack              0.1000      0.1000        0.1000       0.7986   \n",
       "\n",
       "                       spatialtransformation       all        duration  \n",
       "cw                                    0.3890  0.691845 0 days 01:44:05  \n",
       "autoattack                            0.4102  0.687618 0 days 01:59:04  \n",
       "newtonfool                            0.3822  0.685736 0 days 01:59:15  \n",
       "bim                                   0.3833  0.684900 0 days 01:44:02  \n",
       "deepfool                              0.3898  0.684036 0 days 01:44:35  \n",
       "fgsm                                  0.3599  0.683045 0 days 00:53:33  \n",
       "autopgd                               0.3450  0.679955 0 days 01:44:51  \n",
       "pgd                                   0.3621  0.679227 0 days 01:44:21  \n",
       "squareattack                          0.3833  0.661755 0 days 01:44:32  \n",
       "spatialtransformation                 0.8178  0.512345 0 days 01:44:08  \n",
       "pixelattack                           0.1000  0.163509 0 days 01:43:49  "
      ]
     },
     "execution_count": 17,
     "metadata": {},
     "output_type": "execute_result"
    }
   ],
   "source": [
    "sorted_acc = accs.sort_values(by=\"all\", ascending=False)\n",
    "sorted_acc"
   ]
  },
  {
   "cell_type": "code",
   "execution_count": 18,
   "metadata": {},
   "outputs": [
    {
     "data": {
      "text/html": [
       "<div>\n",
       "<style scoped>\n",
       "    .dataframe tbody tr th:only-of-type {\n",
       "        vertical-align: middle;\n",
       "    }\n",
       "\n",
       "    .dataframe tbody tr th {\n",
       "        vertical-align: top;\n",
       "    }\n",
       "\n",
       "    .dataframe thead th {\n",
       "        text-align: right;\n",
       "    }\n",
       "</style>\n",
       "<table border=\"1\" class=\"dataframe\">\n",
       "  <thead>\n",
       "    <tr style=\"text-align: right;\">\n",
       "      <th></th>\n",
       "      <th>test_on_all_adv</th>\n",
       "      <th>duration</th>\n",
       "    </tr>\n",
       "  </thead>\n",
       "  <tbody>\n",
       "    <tr>\n",
       "      <th>cw</th>\n",
       "      <td>0.691845</td>\n",
       "      <td>0 days 01:44:05</td>\n",
       "    </tr>\n",
       "    <tr>\n",
       "      <th>autoattack</th>\n",
       "      <td>0.687618</td>\n",
       "      <td>0 days 01:59:04</td>\n",
       "    </tr>\n",
       "    <tr>\n",
       "      <th>newtonfool</th>\n",
       "      <td>0.685736</td>\n",
       "      <td>0 days 01:59:15</td>\n",
       "    </tr>\n",
       "    <tr>\n",
       "      <th>bim</th>\n",
       "      <td>0.684900</td>\n",
       "      <td>0 days 01:44:02</td>\n",
       "    </tr>\n",
       "    <tr>\n",
       "      <th>deepfool</th>\n",
       "      <td>0.684036</td>\n",
       "      <td>0 days 01:44:35</td>\n",
       "    </tr>\n",
       "    <tr>\n",
       "      <th>fgsm</th>\n",
       "      <td>0.683045</td>\n",
       "      <td>0 days 00:53:33</td>\n",
       "    </tr>\n",
       "    <tr>\n",
       "      <th>autopgd</th>\n",
       "      <td>0.679955</td>\n",
       "      <td>0 days 01:44:51</td>\n",
       "    </tr>\n",
       "    <tr>\n",
       "      <th>pgd</th>\n",
       "      <td>0.679227</td>\n",
       "      <td>0 days 01:44:21</td>\n",
       "    </tr>\n",
       "    <tr>\n",
       "      <th>squareattack</th>\n",
       "      <td>0.661755</td>\n",
       "      <td>0 days 01:44:32</td>\n",
       "    </tr>\n",
       "    <tr>\n",
       "      <th>spatialtransformation</th>\n",
       "      <td>0.512345</td>\n",
       "      <td>0 days 01:44:08</td>\n",
       "    </tr>\n",
       "    <tr>\n",
       "      <th>pixelattack</th>\n",
       "      <td>0.163509</td>\n",
       "      <td>0 days 01:43:49</td>\n",
       "    </tr>\n",
       "  </tbody>\n",
       "</table>\n",
       "</div>"
      ],
      "text/plain": [
       "                       test_on_all_adv        duration\n",
       "cw                            0.691845 0 days 01:44:05\n",
       "autoattack                    0.687618 0 days 01:59:04\n",
       "newtonfool                    0.685736 0 days 01:59:15\n",
